typeof(imgs): Array{Float64,2}
axes(imgs): (Base.OneTo(1), Base.OneTo(784))
typeof(labels): Array{Float64,2}
axes(labels): (Base.OneTo(1), Base.OneTo(10))

train
gen 1
result       : [-2.1254901960784314 -13.654901960784313 -15.749019607843135 -7.772549019607843 -8.666666666666666 -13.31764705882353 -7.764705882352942 -10.737254901960783 -8.36078431372549 -6.219607843137255]
ans          : [0.0 0.0 0.0 0.0 0.0 1.0 0.0 0.0 0.0 0.0]
result .- ans: [-2.1254901960784314 -13.654901960784313 -15.749019607843135 -7.772549019607843 -8.666666666666666 -14.31764705882353 -7.764705882352942 -10.737254901960783 -8.36078431372549 -6.219607843137255]
square       : [4.517708573625528 186.45634755863128 248.03161860822752 60.412518262206845 75.1111111111111 204.99501730103808 60.29065743944638 115.28864282968087 69.90271434063823 38.683521722414454]
sum          : 1063.6898577470204
reward       : -1063.6898577470204
result       : [-1.0627450980392157 -6.827450980392157 -7.874509803921567 -3.8862745098039215 -4.333333333333333 -6.658823529411765 -3.882352941176471 -5.368627450980392 -4.180392156862745 -3.1098039215686275]
ans          : [0.0 0.0 0.0 0.0 0.0 1.0 0.0 0.0 0.0 0.0]
result .- ans: [-1.0627450980392157 -6.827450980392157 -7.874509803921567 -3.8862745098039215 -4.333333333333333 -7.658823529411765 -3.882352941176471 -5.368627450980392 -4.180392156862745 -3.1098039215686275]
square       : [1.129427143406382 46.61408688965782 62.00790465205688 15.103129565551711 18.777777777777775 58.65757785467129 15.072664359861594 28.822160707420217 17.475678585159557 9.670880430603614]
sum          : 273.3312879661668
reward       : -273.3312879661668
result       : [-0.5313725490196078 -3.4137254901960783 -3.9372549019607836 -1.9431372549019608 -2.1666666666666665 -3.3294117647058825 -1.9411764705882355 -2.684313725490196 -2.0901960784313727 -1.5549019607843138]
ans          : [0.0 0.0 0.0 0.0 0.0 1.0 0.0 0.0 0.0 0.0]
result .- ans: [-0.5313725490196078 -3.4137254901960783 -3.9372549019607836 -1.9431372549019608 -2.1666666666666665 -4.329411764705883 -1.9411764705882355 -2.684313725490196 -2.0901960784313727 -1.5549019607843138]
square       : [0.2823567858515955 11.653521722414455 15.50197616301422 3.775782391387928 4.694444444444444 18.743806228373707 3.7681660899653986 7.205540176855054 4.368919646289889 2.4177201076509034]
sum          : 72.4122337562476
reward       : -72.4122337562476
result       : [0.5313725490196078 3.4137254901960783 3.9372549019607836 1.9431372549019608 2.1666666666666665 3.3294117647058825 1.9411764705882355 2.684313725490196 2.0901960784313727 1.5549019607843138]
ans          : [0.0 0.0 0.0 0.0 0.0 1.0 0.0 0.0 0.0 0.0]
result .- ans: [0.5313725490196078 3.4137254901960783 3.9372549019607836 1.9431372549019608 2.1666666666666665 2.3294117647058825 1.9411764705882355 2.684313725490196 2.0901960784313727 1.5549019607843138]
square       : [0.2823567858515955 11.653521722414455 15.50197616301422 3.775782391387928 4.694444444444444 5.426159169550174 3.7681660899653986 7.205540176855054 4.368919646289889 2.4177201076509034]
sum          : 59.094586697424056
reward       : -59.094586697424056
result       : [1.0627450980392157 6.827450980392157 7.874509803921567 3.8862745098039215 4.333333333333333 6.658823529411765 3.882352941176471 5.368627450980392 4.180392156862745 3.1098039215686275]
ans          : [0.0 0.0 0.0 0.0 0.0 1.0 0.0 0.0 0.0 0.0]
result .- ans: [1.0627450980392157 6.827450980392157 7.874509803921567 3.8862745098039215 4.333333333333333 5.658823529411765 3.882352941176471 5.368627450980392 4.180392156862745 3.1098039215686275]
square       : [1.129427143406382 46.61408688965782 62.00790465205688 15.103129565551711 18.777777777777775 32.022283737024225 15.072664359861594 28.822160707420217 17.475678585159557 9.670880430603614]
sum          : 246.69599384851975
reward       : -246.69599384851975
result       : [2.1254901960784314 13.654901960784313 15.749019607843135 7.772549019607843 8.666666666666666 13.31764705882353 7.764705882352942 10.737254901960783 8.36078431372549 6.219607843137255]
ans          : [0.0 0.0 0.0 0.0 0.0 1.0 0.0 0.0 0.0 0.0]
result .- ans: [2.1254901960784314 13.654901960784313 15.749019607843135 7.772549019607843 8.666666666666666 12.31764705882353 7.764705882352942 10.737254901960783 8.36078431372549 6.219607843137255]
square       : [4.517708573625528 186.45634755863128 248.03161860822752 60.412518262206845 75.1111111111111 151.72442906574395 60.29065743944638 115.28864282968087 69.90271434063823 38.683521722414454]
sum          : 1010.419269511726
reward       : -1010.419269511726
result       : [-4.250980392156863 -10.83921568627451 -8.556862745098039 -12.666666666666666 -0.4392156862745098 -2.8078431372549018 -19.309803921568623 -10.525490196078431 -14.062745098039217 -9.780392156862746]
ans          : [0.0 0.0 0.0 0.0 0.0 1.0 0.0 0.0 0.0 0.0]
result .- ans: [-4.250980392156863 -10.83921568627451 -8.556862745098039 -12.666666666666666 -0.4392156862745098 -3.8078431372549018 -19.309803921568623 -10.525490196078431 -14.062745098039217 -9.780392156862746]
square       : [18.070834294502113 117.48859669357941 73.21990003844675 160.44444444444443 0.1929104190695886 14.499669357939252 372.868527489427 110.78594386774317 197.76079969242605 95.65607074202231]
sum          : 1160.9876970396
reward       : -1160.9876970396
result       : [-2.1254901960784314 -5.419607843137255 -4.2784313725490195 -6.333333333333333 -0.2196078431372549 -1.4039215686274509 -9.654901960784311 -5.262745098039216 -7.031372549019609 -4.890196078431373]
ans          : [0.0 0.0 0.0 0.0 0.0 1.0 0.0 0.0 0.0 0.0]
result .- ans: [-2.1254901960784314 -5.419607843137255 -4.2784313725490195 -6.333333333333333 -0.2196078431372549 -2.403921568627451 -9.654901960784311 -5.262745098039216 -7.031372549019609 -4.890196078431373]
square       : [4.517708573625528 29.372149173394853 18.304975009611688 40.11111111111111 0.04822760476739715 5.778838908112264 93.21713187235675 27.696485966935793 49.44019992310651 23.914017685505577]
sum          : 292.40084582852745
reward       : -292.40084582852745
result       : [-1.0627450980392157 -2.7098039215686276 -2.1392156862745098 -3.1666666666666665 -0.10980392156862745 -0.7019607843137254 -4.827450980392156 -2.631372549019608 -3.5156862745098043 -2.4450980392156865]
ans          : [0.0 0.0 0.0 0.0 0.0 1.0 0.0 0.0 0.0 0.0]
result .- ans: [-1.0627450980392157 -2.7098039215686276 -2.1392156862745098 -3.1666666666666665 -0.10980392156862745 -1.7019607843137254 -4.827450980392156 -2.631372549019608 -3.5156862745098043 -2.4450980392156865]
square       : [1.129427143406382 7.343037293348713 4.576243752402922 10.027777777777777 0.012056901191849288 2.8966705113417914 23.304282968089186 6.924121491733948 12.360049980776628 5.978504421376394]
sum          : 74.55217224144559
reward       : -74.55217224144559
result       : [1.0627450980392157 2.7098039215686276 2.1392156862745098 3.1666666666666665 0.10980392156862745 0.7019607843137254 4.827450980392156 2.631372549019608 3.5156862745098043 2.4450980392156865]
ans          : [0.0 0.0 0.0 0.0 0.0 1.0 0.0 0.0 0.0 0.0]
result .- ans: [1.0627450980392157 2.7098039215686276 2.1392156862745098 3.1666666666666665 0.10980392156862745 -0.29803921568627456 4.827450980392156 2.631372549019608 3.5156862745098043 2.4450980392156865]
square       : [1.129427143406382 7.343037293348713 4.576243752402922 10.027777777777777 0.012056901191849288 0.08882737408688969 23.304282968089186 6.924121491733948 12.360049980776628 5.978504421376394]
sum          : 71.7443291041907
reward       : -71.7443291041907
result       : [2.1254901960784314 5.419607843137255 4.2784313725490195 6.333333333333333 0.2196078431372549 1.4039215686274509 9.654901960784311 5.262745098039216 7.031372549019609 4.890196078431373]
ans          : [0.0 0.0 0.0 0.0 0.0 1.0 0.0 0.0 0.0 0.0]
result .- ans: [2.1254901960784314 5.419607843137255 4.2784313725490195 6.333333333333333 0.2196078431372549 0.4039215686274509 9.654901960784311 5.262745098039216 7.031372549019609 4.890196078431373]
square       : [4.517708573625528 29.372149173394853 18.304975009611688 40.11111111111111 0.04822760476739715 0.16315263360246052 93.21713187235675 27.696485966935793 49.44019992310651 23.914017685505577]
sum          : 286.7851595540177
reward       : -286.7851595540177
result       : [4.250980392156863 10.83921568627451 8.556862745098039 12.666666666666666 0.4392156862745098 2.8078431372549018 19.309803921568623 10.525490196078431 14.062745098039217 9.780392156862746]
ans          : [0.0 0.0 0.0 0.0 0.0 1.0 0.0 0.0 0.0 0.0]
result .- ans: [4.250980392156863 10.83921568627451 8.556862745098039 12.666666666666666 0.4392156862745098 1.8078431372549018 19.309803921568623 10.525490196078431 14.062745098039217 9.780392156862746]
square       : [18.070834294502113 117.48859669357941 73.21990003844675 160.44444444444443 0.1929104190695886 3.2682968089196454 372.868527489427 110.78594386774317 197.76079969242605 95.65607074202231]
sum          : 1149.7563244905805
reward       : -1149.7563244905805
result       : [-7.7254901960784315 -14.721568627450981 -18.729411764705883 -12.329411764705881 -2.1333333333333333 -4.894117647058823 -14.470588235294116 -10.88627450980392 -17.090196078431372 -8.658823529411766]
ans          : [0.0 0.0 0.0 0.0 0.0 1.0 0.0 0.0 0.0 0.0]
result .- ans: [-7.7254901960784315 -14.721568627450981 -18.729411764705883 -12.329411764705881 -2.1333333333333333 -5.894117647058823 -14.470588235294116 -10.88627450980392 -17.090196078431372 -8.658823529411766]
square       : [59.683198769703964 216.72458285274897 350.79086505190315 152.0143944636678 4.551111111111111 34.74062283737024 209.39792387543247 118.51097270280658 292.07480199923106 74.97522491349483]
sum          : 1513.4636985774703
reward       : -1513.4636985774703
result       : [-3.8627450980392157 -7.360784313725491 -9.364705882352942 -6.164705882352941 -1.0666666666666667 -2.4470588235294115 -7.235294117647058 -5.44313725490196 -8.545098039215686 -4.329411764705883]
ans          : [0.0 0.0 0.0 0.0 0.0 1.0 0.0 0.0 0.0 0.0]
result .- ans: [-3.8627450980392157 -7.360784313725491 -9.364705882352942 -6.164705882352941 -1.0666666666666667 -3.4470588235294115 -7.235294117647058 -5.44313725490196 -8.545098039215686 -4.329411764705883]
square       : [14.920799692425991 54.18114571318724 87.69771626297579 38.00359861591695 1.1377777777777778 11.88221453287197 52.34948096885812 29.627743175701646 73.01870049980776 18.743806228373707]
sum          : 381.562983467897
reward       : -381.562983467897
result       : [-1.9313725490196079 -3.6803921568627453 -4.682352941176471 -3.0823529411764703 -0.5333333333333333 -1.2235294117647058 -3.617647058823529 -2.72156862745098 -4.272549019607843 -2.1647058823529415]
ans          : [0.0 0.0 0.0 0.0 0.0 1.0 0.0 0.0 0.0 0.0]
result .- ans: [-1.9313725490196079 -3.6803921568627453 -4.682352941176471 -3.0823529411764703 -0.5333333333333333 -2.223529411764706 -3.617647058823529 -2.72156862745098 -4.272549019607843 -2.1647058823529415]
square       : [3.7301999231064977 13.54528642829681 21.924429065743947 9.500899653979237 0.28444444444444444 4.944083044982699 13.08737024221453 7.4069357939254115 18.25467512495194 4.685951557093427]
sum          : 97.36427527873896
reward       : -97.36427527873896
result       : [1.9313725490196079 3.6803921568627453 4.682352941176471 3.0823529411764703 0.5333333333333333 1.2235294117647058 3.617647058823529 2.72156862745098 4.272549019607843 2.1647058823529415]
ans          : [0.0 0.0 0.0 0.0 0.0 1.0 0.0 0.0 0.0 0.0]
result .- ans: [1.9313725490196079 3.6803921568627453 4.682352941176471 3.0823529411764703 0.5333333333333333 0.22352941176470575 3.617647058823529 2.72156862745098 4.272549019607843 2.1647058823529415]
square       : [3.7301999231064977 13.54528642829681 21.924429065743947 9.500899653979237 0.28444444444444444 0.049965397923875374 13.08737024221453 7.4069357939254115 18.25467512495194 4.685951557093427]
sum          : 92.47015763168014
reward       : -92.47015763168014
result       : [3.8627450980392157 7.360784313725491 9.364705882352942 6.164705882352941 1.0666666666666667 2.4470588235294115 7.235294117647058 5.44313725490196 8.545098039215686 4.329411764705883]
ans          : [0.0 0.0 0.0 0.0 0.0 1.0 0.0 0.0 0.0 0.0]
result .- ans: [3.8627450980392157 7.360784313725491 9.364705882352942 6.164705882352941 1.0666666666666667 1.4470588235294115 7.235294117647058 5.44313725490196 8.545098039215686 4.329411764705883]
square       : [14.920799692425991 54.18114571318724 87.69771626297579 38.00359861591695 1.1377777777777778 2.0939792387543243 52.34948096885812 29.627743175701646 73.01870049980776 18.743806228373707]
sum          : 371.77474817377936
reward       : -371.77474817377936
result       : [7.7254901960784315 14.721568627450981 18.729411764705883 12.329411764705881 2.1333333333333333 4.894117647058823 14.470588235294116 10.88627450980392 17.090196078431372 8.658823529411766]
ans          : [0.0 0.0 0.0 0.0 0.0 1.0 0.0 0.0 0.0 0.0]
result .- ans: [7.7254901960784315 14.721568627450981 18.729411764705883 12.329411764705881 2.1333333333333333 3.894117647058823 14.470588235294116 10.88627450980392 17.090196078431372 8.658823529411766]
square       : [59.683198769703964 216.72458285274897 350.79086505190315 152.0143944636678 4.551111111111111 15.164152249134943 209.39792387543247 118.51097270280658 292.07480199923106 74.97522491349483]
sum          : 1493.887227989235
reward       : -1493.887227989235
result       : [-11.450980392156861 -10.125490196078433 -5.247058823529411 -13.090196078431372 -8.501960784313724 -6.76078431372549 -8.972549019607843 -11.623529411764705 -14.486274509803922 -11.592156862745098]
ans          : [0.0 0.0 0.0 0.0 0.0 1.0 0.0 0.0 0.0 0.0]
result .- ans: [-11.450980392156861 -10.125490196078433 -5.247058823529411 -13.090196078431372 -8.501960784313724 -7.76078431372549 -8.972549019607843 -11.623529411764705 -14.486274509803922 -11.592156862745098]
square       : [131.1249519415609 102.52555171088046 27.531626297577844 171.35323337178008 72.28333717800842 60.229773164167625 80.50663590926567 135.10643598615917 209.85214917339485 134.37810073048826]
sum          : 1124.8917954632832
reward       : -1124.8917954632832
result       : [-5.725490196078431 -5.062745098039216 -2.6235294117647054 -6.545098039215686 -4.250980392156862 -3.380392156862745 -4.486274509803922 -5.811764705882353 -7.243137254901961 -5.796078431372549]
ans          : [0.0 0.0 0.0 0.0 0.0 1.0 0.0 0.0 0.0 0.0]
result .- ans: [-5.725490196078431 -5.062745098039216 -2.6235294117647054 -6.545098039215686 -4.250980392156862 -4.3803921568627455 -4.486274509803922 -5.811764705882353 -7.243137254901961 -5.796078431372549]
square       : [32.78123798539023 25.631387927720116 6.882906574394461 42.83830834294502 18.070834294502106 19.187835447904657 20.126658977316417 33.77660899653979 52.46303729334871 33.594525182622064]
sum          : 285.3533410226836
reward       : -285.3533410226836
result       : [-2.8627450980392153 -2.531372549019608 -1.3117647058823527 -3.272549019607843 -2.125490196078431 -1.6901960784313725 -2.243137254901961 -2.9058823529411764 -3.6215686274509804 -2.8980392156862744]
ans          : [0.0 0.0 0.0 0.0 0.0 1.0 0.0 0.0 0.0 0.0]
result .- ans: [-2.8627450980392153 -2.531372549019608 -1.3117647058823527 -3.272549019607843 -2.125490196078431 -2.6901960784313728 -2.243137254901961 -2.9058823529411764 -3.6215686274509804 -2.8980392156862744]
square       : [8.195309496347557 6.407846981930029 1.7207266435986153 10.709577085736255 4.5177085736255265 7.237154940407537 5.031664744329104 8.444152249134948 13.115759323337178 8.398631295655516]
sum          : 73.77853133410227
reward       : -73.77853133410227
result       : [2.8627450980392153 2.531372549019608 1.3117647058823527 3.272549019607843 2.125490196078431 1.6901960784313725 2.243137254901961 2.9058823529411764 3.6215686274509804 2.8980392156862744]
ans          : [0.0 0.0 0.0 0.0 0.0 1.0 0.0 0.0 0.0 0.0]
result .- ans: [2.8627450980392153 2.531372549019608 1.3117647058823527 3.272549019607843 2.125490196078431 0.6901960784313725 2.243137254901961 2.9058823529411764 3.6215686274509804 2.8980392156862744]
square       : [8.195309496347557 6.407846981930029 1.7207266435986153 10.709577085736255 4.5177085736255265 0.47637062668204533 5.031664744329104 8.444152249134948 13.115759323337178 8.398631295655516]
sum          : 67.01774702037677
reward       : -67.01774702037677
result       : [5.725490196078431 5.062745098039216 2.6235294117647054 6.545098039215686 4.250980392156862 3.380392156862745 4.486274509803922 5.811764705882353 7.243137254901961 5.796078431372549]
ans          : [0.0 0.0 0.0 0.0 0.0 1.0 0.0 0.0 0.0 0.0]
result .- ans: [5.725490196078431 5.062745098039216 2.6235294117647054 6.545098039215686 4.250980392156862 2.380392156862745 4.486274509803922 5.811764705882353 7.243137254901961 5.796078431372549]
square       : [32.78123798539023 25.631387927720116 6.882906574394461 42.83830834294502 18.070834294502106 5.6662668204536715 20.126658977316417 33.77660899653979 52.46303729334871 33.594525182622064]
sum          : 271.8317723952326
reward       : -271.8317723952326
result       : [11.450980392156861 10.125490196078433 5.247058823529411 13.090196078431372 8.501960784313724 6.76078431372549 8.972549019607843 11.623529411764705 14.486274509803922 11.592156862745098]
ans          : [0.0 0.0 0.0 0.0 0.0 1.0 0.0 0.0 0.0 0.0]
result .- ans: [11.450980392156861 10.125490196078433 5.247058823529411 13.090196078431372 8.501960784313724 5.76078431372549 8.972549019607843 11.623529411764705 14.486274509803922 11.592156862745098]
square       : [131.1249519415609 102.52555171088046 27.531626297577844 171.35323337178008 72.28333717800842 33.18663590926567 80.50663590926567 135.10643598615917 209.85214917339485 134.37810073048826]
sum          : 1097.8486582083813
reward       : -1097.8486582083813
result       : [-12.439215686274508 -12.47843137254902 -13.929411764705883 -6.0470588235294125 -9.333333333333332 -11.615686274509804 -16.68235294117647 -12.776470588235295 -13.537254901960786 -10.67450980392157]
ans          : [0.0 0.0 0.0 0.0 0.0 1.0 0.0 0.0 0.0 0.0]
result .- ans: [-12.439215686274508 -12.47843137254902 -13.929411764705883 -6.0470588235294125 -9.333333333333332 -12.615686274509804 -16.68235294117647 -12.776470588235295 -13.537254901960786 -10.67450980392157]
square       : [154.7340868896578 155.71124951941562 194.02851211072664 36.56692041522492 87.11111111111109 159.15554017685506 278.3008996539793 163.23820069204154 183.25727028066132 113.9451595540177]
sum          : 1526.048950403691
reward       : -1526.048950403691
result       : [-6.219607843137254 -6.23921568627451 -6.964705882352941 -3.0235294117647062 -4.666666666666666 -5.807843137254902 -8.341176470588236 -6.3882352941176475 -6.768627450980393 -5.337254901960785]
ans          : [0.0 0.0 0.0 0.0 0.0 1.0 0.0 0.0 0.0 0.0]
result .- ans: [-6.219607843137254 -6.23921568627451 -6.964705882352941 -3.0235294117647062 -4.666666666666666 -6.807843137254902 -8.341176470588236 -6.3882352941176475 -6.768627450980393 -5.337254901960785]
square       : [38.68352172241445 38.927812379853904 48.50712802768166 9.14173010380623 21.77777777777777 46.34672818146866 69.57522491349482 40.809550173010386 45.81431757016533 28.486289888504427]
sum          : 388.07008073817764
reward       : -388.07008073817764
result       : [-3.109803921568627 -3.119607843137255 -3.4823529411764707 -1.5117647058823531 -2.333333333333333 -2.903921568627451 -4.170588235294118 -3.1941176470588237 -3.3843137254901965 -2.6686274509803924]
ans          : [0.0 0.0 0.0 0.0 0.0 1.0 0.0 0.0 0.0 0.0]
result .- ans: [-3.109803921568627 -3.119607843137255 -3.4823529411764707 -1.5117647058823531 -2.333333333333333 -3.903921568627451 -4.170588235294118 -3.1941176470588237 -3.3843137254901965 -2.6686274509803924]
square       : [9.670880430603612 9.731953094963476 12.126782006920415 2.2854325259515575 5.444444444444443 15.240603613994617 17.393806228373705 10.202387543252597 11.453579392541332 7.121572472126107]
sum          : 100.67144175317186
reward       : -100.67144175317186
result       : [3.109803921568627 3.119607843137255 3.4823529411764707 1.5117647058823531 2.333333333333333 2.903921568627451 4.170588235294118 3.1941176470588237 3.3843137254901965 2.6686274509803924]
ans          : [0.0 0.0 0.0 0.0 0.0 1.0 0.0 0.0 0.0 0.0]
result .- ans: [3.109803921568627 3.119607843137255 3.4823529411764707 1.5117647058823531 2.333333333333333 1.9039215686274509 4.170588235294118 3.1941176470588237 3.3843137254901965 2.6686274509803924]
square       : [9.670880430603612 9.731953094963476 12.126782006920415 2.2854325259515575 5.444444444444443 3.624917339484813 17.393806228373705 10.202387543252597 11.453579392541332 7.121572472126107]
sum          : 89.05575547866205
reward       : -89.05575547866205
result       : [6.219607843137254 6.23921568627451 6.964705882352941 3.0235294117647062 4.666666666666666 5.807843137254902 8.341176470588236 6.3882352941176475 6.768627450980393 5.337254901960785]
ans          : [0.0 0.0 0.0 0.0 0.0 1.0 0.0 0.0 0.0 0.0]
result .- ans: [6.219607843137254 6.23921568627451 6.964705882352941 3.0235294117647062 4.666666666666666 4.807843137254902 8.341176470588236 6.3882352941176475 6.768627450980393 5.337254901960785]
square       : [38.68352172241445 38.927812379853904 48.50712802768166 9.14173010380623 21.77777777777777 23.115355632449056 69.57522491349482 40.809550173010386 45.81431757016533 28.486289888504427]
sum          : 364.838708189158
reward       : -364.838708189158
result       : [12.439215686274508 12.47843137254902 13.929411764705883 6.0470588235294125 9.333333333333332 11.615686274509804 16.68235294117647 12.776470588235295 13.537254901960786 10.67450980392157]
ans          : [0.0 0.0 0.0 0.0 0.0 1.0 0.0 0.0 0.0 0.0]
result .- ans: [12.439215686274508 12.47843137254902 13.929411764705883 6.0470588235294125 9.333333333333332 10.615686274509804 16.68235294117647 12.776470588235295 13.537254901960786 10.67450980392157]
square       : [154.7340868896578 155.71124951941562 194.02851211072664 36.56692041522492 87.11111111111109 112.69279507881583 278.3008996539793 163.23820069204154 183.25727028066132 113.9451595540177]
sum          : 1479.5862053056517
reward       : -1479.5862053056517
result       : [-13.811764705882354 -15.984313725490196 -14.831372549019608 -12.988235294117647 -17.56078431372549 -11.309803921568628 -2.1490196078431376 -7.247058823529412 -17.40392156862745 -18.32941176470588]
ans          : [0.0 0.0 0.0 0.0 0.0 1.0 0.0 0.0 0.0 0.0]
result .- ans: [-13.811764705882354 -15.984313725490196 -14.831372549019608 -12.988235294117647 -17.56078431372549 -12.309803921568628 -2.1490196078431376 -7.247058823529412 -17.40392156862745 -18.32941176470588]
square       : [190.76484429065746 255.49828527489427 219.9696116878124 168.69425605536333 308.38114571318727 151.5312725874664 4.618285274894273 52.5198615916955 302.89648596693576 335.96733564013834]
sum          : 1990.841384083045
reward       : -1990.841384083045
result       : [-6.905882352941177 -7.992156862745098 -7.415686274509804 -6.4941176470588236 -8.780392156862746 -5.654901960784314 -1.0745098039215688 -3.623529411764706 -8.701960784313725 -9.16470588235294]
ans          : [0.0 0.0 0.0 0.0 0.0 1.0 0.0 0.0 0.0 0.0]
result .- ans: [-6.905882352941177 -7.992156862745098 -7.415686274509804 -6.4941176470588236 -8.780392156862746 -6.654901960784314 -1.0745098039215688 -3.623529411764706 -8.701960784313725 -9.16470588235294]
square       : [47.691211072664366 63.87457131872357 54.9924029219531 42.17356401384083 77.09528642829682 44.287720107650905 1.1545713187235682 13.129965397923876 75.72412149173394 83.99183391003459]
sum          : 504.11524798154556
reward       : -504.11524798154556
result       : [-3.4529411764705884 -3.996078431372549 -3.707843137254902 -3.2470588235294118 -4.390196078431373 -2.827450980392157 -0.5372549019607844 -1.811764705882353 -4.350980392156862 -4.58235294117647]
ans          : [0.0 0.0 0.0 0.0 0.0 1.0 0.0 0.0 0.0 0.0]
result .- ans: [-3.4529411764705884 -3.996078431372549 -3.707843137254902 -3.2470588235294118 -4.390196078431373 -3.827450980392157 -0.5372549019607844 -1.811764705882353 -4.350980392156862 -4.58235294117647]
square       : [11.922802768166092 15.968642829680892 13.748100730488275 10.543391003460208 19.273821607074204 14.649381007304884 0.28864282968089205 3.282491349480969 18.931030372933485 20.997958477508647]
sum          : 129.60626297577852
reward       : -129.60626297577852
result       : [3.4529411764705884 3.996078431372549 3.707843137254902 3.2470588235294118 4.390196078431373 2.827450980392157 0.5372549019607844 1.811764705882353 4.350980392156862 4.58235294117647]
ans          : [0.0 0.0 0.0 0.0 0.0 1.0 0.0 0.0 0.0 0.0]
result .- ans: [3.4529411764705884 3.996078431372549 3.707843137254902 3.2470588235294118 4.390196078431373 1.827450980392157 0.5372549019607844 1.811764705882353 4.350980392156862 4.58235294117647]
square       : [11.922802768166092 15.968642829680892 13.748100730488275 10.543391003460208 19.273821607074204 3.339577085736256 0.28864282968089205 3.282491349480969 18.931030372933485 20.997958477508647]
sum          : 118.2964590542099
reward       : -118.2964590542099
result       : [6.905882352941177 7.992156862745098 7.415686274509804 6.4941176470588236 8.780392156862746 5.654901960784314 1.0745098039215688 3.623529411764706 8.701960784313725 9.16470588235294]
ans          : [0.0 0.0 0.0 0.0 0.0 1.0 0.0 0.0 0.0 0.0]
result .- ans: [6.905882352941177 7.992156862745098 7.415686274509804 6.4941176470588236 8.780392156862746 4.654901960784314 1.0745098039215688 3.623529411764706 8.701960784313725 9.16470588235294]
square       : [47.691211072664366 63.87457131872357 54.9924029219531 42.17356401384083 77.09528642829682 21.668112264513653 1.1545713187235682 13.129965397923876 75.72412149173394 83.99183391003459]
sum          : 481.4956401384083
reward       : -481.4956401384083
result       : [13.811764705882354 15.984313725490196 14.831372549019608 12.988235294117647 17.56078431372549 11.309803921568628 2.1490196078431376 7.247058823529412 17.40392156862745 18.32941176470588]
ans          : [0.0 0.0 0.0 0.0 0.0 1.0 0.0 0.0 0.0 0.0]
result .- ans: [13.811764705882354 15.984313725490196 14.831372549019608 12.988235294117647 17.56078431372549 10.309803921568628 2.1490196078431376 7.247058823529412 17.40392156862745 18.32941176470588]
square       : [190.76484429065746 255.49828527489427 219.9696116878124 168.69425605536333 308.38114571318727 106.29205690119187 4.618285274894273 52.5198615916955 302.89648596693576 335.96733564013834]
sum          : 1945.6021683967704
reward       : -1945.6021683967704
result       : [-9.976470588235294 -6.298039215686274 -9.380392156862746 -8.862745098039216 -16.4 -11.92156862745098 -9.874509803921569 -10.917647058823528 -14.972549019607841 -7.474509803921569]
ans          : [0.0 0.0 0.0 0.0 0.0 1.0 0.0 0.0 0.0 0.0]
result .- ans: [-9.976470588235294 -6.298039215686274 -9.380392156862746 -8.862745098039216 -16.4 -12.92156862745098 -9.874509803921569 -10.917647058823528 -14.972549019607841 -7.474509803921569]
square       : [99.52996539792387 39.66529796232218 87.9917570165321 78.54825067281816 268.96 166.96693579392542 97.50594386774318 119.19501730103804 224.17722414455974 55.868296808919645]
sum          : 1238.4086889657824
reward       : -1238.4086889657824
result       : [-4.988235294117647 -3.149019607843137 -4.690196078431373 -4.431372549019608 -8.2 -5.96078431372549 -4.9372549019607845 -5.458823529411764 -7.486274509803921 -3.7372549019607844]
ans          : [0.0 0.0 0.0 0.0 0.0 1.0 0.0 0.0 0.0 0.0]
result .- ans: [-4.988235294117647 -3.149019607843137 -4.690196078431373 -4.431372549019608 -8.2 -6.96078431372549 -4.9372549019607845 -5.458823529411764 -7.486274509803921 -3.7372549019607844]
square       : [24.88249134948097 9.916324490580545 21.997939254133026 19.63706266820454 67.24 48.452518262206844 24.376485966935796 29.79875432525951 56.044306036139936 13.967074202229911]
sum          : 316.31295655517107
reward       : -316.31295655517107
result       : [-2.4941176470588236 -1.5745098039215686 -2.3450980392156864 -2.215686274509804 -4.1 -2.980392156862745 -2.4686274509803923 -2.729411764705882 -3.7431372549019604 -1.8686274509803922]
ans          : [0.0 0.0 0.0 0.0 0.0 1.0 0.0 0.0 0.0 0.0]
result .- ans: [-2.4941176470588236 -1.5745098039215686 -2.3450980392156864 -2.215686274509804 -4.1 -3.980392156862745 -2.4686274509803923 -2.729411764705882 -3.7431372549019604 -1.8686274509803922]
square       : [6.220622837370242 2.479081122645136 5.499484813533257 4.909265667051135 16.81 15.843521722414456 6.094121491733949 7.449688581314877 14.011076509034984 3.491768550557478]
sum          : 82.80863129565552
reward       : -82.80863129565552
result       : [2.4941176470588236 1.5745098039215686 2.3450980392156864 2.215686274509804 4.1 2.980392156862745 2.4686274509803923 2.729411764705882 3.7431372549019604 1.8686274509803922]
ans          : [0.0 0.0 0.0 0.0 0.0 1.0 0.0 0.0 0.0 0.0]
result .- ans: [2.4941176470588236 1.5745098039215686 2.3450980392156864 2.215686274509804 4.1 1.9803921568627452 2.4686274509803923 2.729411764705882 3.7431372549019604 1.8686274509803922]
square       : [6.220622837370242 2.479081122645136 5.499484813533257 4.909265667051135 16.81 3.921953094963476 6.094121491733949 7.449688581314877 14.011076509034984 3.491768550557478]
sum          : 70.88706266820454
reward       : -70.88706266820454
result       : [4.988235294117647 3.149019607843137 4.690196078431373 4.431372549019608 8.2 5.96078431372549 4.9372549019607845 5.458823529411764 7.486274509803921 3.7372549019607844]
ans          : [0.0 0.0 0.0 0.0 0.0 1.0 0.0 0.0 0.0 0.0]
result .- ans: [4.988235294117647 3.149019607843137 4.690196078431373 4.431372549019608 8.2 4.96078431372549 4.9372549019607845 5.458823529411764 7.486274509803921 3.7372549019607844]
square       : [24.88249134948097 9.916324490580545 21.997939254133026 19.63706266820454 67.24 24.609381007304883 24.376485966935796 29.79875432525951 56.044306036139936 13.967074202229911]
sum          : 292.4698193002691
reward       : -292.4698193002691
result       : [9.976470588235294 6.298039215686274 9.380392156862746 8.862745098039216 16.4 11.92156862745098 9.874509803921569 10.917647058823528 14.972549019607841 7.474509803921569]
ans          : [0.0 0.0 0.0 0.0 0.0 1.0 0.0 0.0 0.0 0.0]
result .- ans: [9.976470588235294 6.298039215686274 9.380392156862746 8.862745098039216 16.4 10.92156862745098 9.874509803921569 10.917647058823528 14.972549019607841 7.474509803921569]
square       : [99.52996539792387 39.66529796232218 87.9917570165321 78.54825067281816 268.96 119.28066128412149 97.50594386774318 119.19501730103804 224.17722414455974 55.868296808919645]
sum          : 1190.7224144559784
reward       : -1190.7224144559784
result       : [-7.780392156862746 -19.43529411764706 -9.04313725490196 -12.258823529411764 -8.752941176470587 -10.941176470588236 -5.466666666666668 -12.23529411764706 -6.729411764705882 -11.301960784313724]
ans          : [0.0 0.0 0.0 0.0 0.0 1.0 0.0 0.0 0.0 0.0]
result .- ans: [-7.780392156862746 -19.43529411764706 -9.04313725490196 -12.258823529411764 -8.752941176470587 -11.941176470588236 -5.466666666666668 -12.23529411764706 -6.729411764705882 -11.301960784313724]
square       : [60.53450211457133 377.7306574394464 81.77833141099576 150.27875432525948 76.61397923875431 142.5916955017301 29.884444444444455 149.70242214532874 45.28498269896194 127.7343175701653]
sum          : 1242.134086889658
reward       : -1242.134086889658
result       : [-3.890196078431373 -9.71764705882353 -4.52156862745098 -6.129411764705882 -4.376470588235294 -5.470588235294118 -2.733333333333334 -6.11764705882353 -3.364705882352941 -5.650980392156862]
ans          : [0.0 0.0 0.0 0.0 0.0 1.0 0.0 0.0 0.0 0.0]
result .- ans: [-3.890196078431373 -9.71764705882353 -4.52156862745098 -6.129411764705882 -4.376470588235294 -6.470588235294118 -2.733333333333334 -6.11764705882353 -3.364705882352941 -5.650980392156862]
square       : [15.133625528642833 94.4326643598616 20.44458285274894 37.56968858131487 19.153494809688578 41.86851211072665 7.471111111111114 37.425605536332185 11.321245674740485 31.933579392541326]
sum          : 316.7541099577086
reward       : -316.7541099577086
result       : [-1.9450980392156865 -4.858823529411765 -2.26078431372549 -3.064705882352941 -2.188235294117647 -2.735294117647059 -1.366666666666667 -3.058823529411765 -1.6823529411764706 -2.825490196078431]
ans          : [0.0 0.0 0.0 0.0 0.0 1.0 0.0 0.0 0.0 0.0]
result .- ans: [-1.9450980392156865 -4.858823529411765 -2.26078431372549 -3.064705882352941 -2.188235294117647 -3.735294117647059 -1.366666666666667 -3.058823529411765 -1.6823529411764706 -2.825490196078431]
square       : [3.7834063821607082 23.6081660899654 5.111145713187235 9.392422145328718 4.788373702422144 13.95242214532872 1.8677777777777784 9.356401384083046 2.8303114186851213 7.983394848135331]
sum          : 82.6738216070742
reward       : -82.6738216070742
result       : [1.9450980392156865 4.858823529411765 2.26078431372549 3.064705882352941 2.188235294117647 2.735294117647059 1.366666666666667 3.058823529411765 1.6823529411764706 2.825490196078431]
ans          : [0.0 0.0 0.0 0.0 0.0 1.0 0.0 0.0 0.0 0.0]
result .- ans: [1.9450980392156865 4.858823529411765 2.26078431372549 3.064705882352941 2.188235294117647 1.7352941176470589 1.366666666666667 3.058823529411765 1.6823529411764706 2.825490196078431]
square       : [3.7834063821607082 23.6081660899654 5.111145713187235 9.392422145328718 4.788373702422144 3.0112456747404845 1.8677777777777784 9.356401384083046 2.8303114186851213 7.983394848135331]
sum          : 71.73264513648596
reward       : -71.73264513648596
result       : [3.890196078431373 9.71764705882353 4.52156862745098 6.129411764705882 4.376470588235294 5.470588235294118 2.733333333333334 6.11764705882353 3.364705882352941 5.650980392156862]
ans          : [0.0 0.0 0.0 0.0 0.0 1.0 0.0 0.0 0.0 0.0]
result .- ans: [3.890196078431373 9.71764705882353 4.52156862745098 6.129411764705882 4.376470588235294 4.470588235294118 2.733333333333334 6.11764705882353 3.364705882352941 5.650980392156862]
square       : [15.133625528642833 94.4326643598616 20.44458285274894 37.56968858131487 19.153494809688578 19.986159169550174 7.471111111111114 37.425605536332185 11.321245674740485 31.933579392541326]
sum          : 294.8717570165321
reward       : -294.8717570165321
result       : [7.780392156862746 19.43529411764706 9.04313725490196 12.258823529411764 8.752941176470587 10.941176470588236 5.466666666666668 12.23529411764706 6.729411764705882 11.301960784313724]
ans          : [0.0 0.0 0.0 0.0 0.0 1.0 0.0 0.0 0.0 0.0]
result .- ans: [7.780392156862746 19.43529411764706 9.04313725490196 12.258823529411764 8.752941176470587 9.941176470588236 5.466666666666668 12.23529411764706 6.729411764705882 11.301960784313724]
square       : [60.53450211457133 377.7306574394464 81.77833141099576 150.27875432525948 76.61397923875431 98.82698961937717 29.884444444444455 149.70242214532874 45.28498269896194 127.7343175701653]
sum          : 1198.369381007305
reward       : -1198.369381007305
result       : [-13.019607843137257 -11.388235294117647 -5.090196078431372 -9.325490196078432 -6.415686274509804 -18.556862745098037 -5.8431372549019605 -15.458823529411763 -5.066666666666667 -11.074509803921568]
ans          : [0.0 0.0 0.0 0.0 0.0 1.0 0.0 0.0 0.0 0.0]
result .- ans: [-13.019607843137257 -11.388235294117647 -5.090196078431372 -9.325490196078432 -6.415686274509804 -19.556862745098037 -5.8431372549019605 -15.458823529411763 -5.066666666666667 -11.074509803921568]
square       : [169.51018838908118 129.69190311418686 25.91009611687812 86.96476739715496 41.16103037293349 382.47088043060353 34.142252979623215 238.97522491349477 25.671111111111117 122.64476739715494]
sum          : 1257.142222222222
reward       : -1257.142222222222
result       : [-6.509803921568628 -5.694117647058824 -2.545098039215686 -4.662745098039216 -3.207843137254902 -9.278431372549019 -2.9215686274509802 -7.7294117647058815 -2.5333333333333337 -5.537254901960784]
ans          : [0.0 0.0 0.0 0.0 0.0 1.0 0.0 0.0 0.0 0.0]
result .- ans: [-6.509803921568628 -5.694117647058824 -2.545098039215686 -4.662745098039216 -3.207843137254902 -10.278431372549019 -2.9215686274509802 -7.7294117647058815 -2.5333333333333337 -5.537254901960784]
square       : [42.377547097270295 32.422975778546714 6.47752402921953 21.74119184928874 10.290257593233372 105.6461514801999 8.535563244905804 59.74380622837369 6.417777777777779 30.661191849288734]
sum          : 324.31398692810455
reward       : -324.31398692810455
result       : [-3.254901960784314 -2.847058823529412 -1.272549019607843 -2.331372549019608 -1.603921568627451 -4.639215686274509 -1.4607843137254901 -3.8647058823529408 -1.2666666666666668 -2.768627450980392]
ans          : [0.0 0.0 0.0 0.0 0.0 1.0 0.0 0.0 0.0 0.0]
result .- ans: [-3.254901960784314 -2.847058823529412 -1.272549019607843 -2.331372549019608 -1.603921568627451 -5.639215686274509 -1.4607843137254901 -3.8647058823529408 -1.2666666666666668 -2.768627450980392]
square       : [10.594386774317574 8.105743944636679 1.6193810073048824 5.435297962322185 2.572564398308343 31.800753556324484 2.133890811226451 14.935951557093423 1.6044444444444448 7.6652979623221835]
sum          : 86.46771241830064
reward       : -86.46771241830064
result       : [3.254901960784314 2.847058823529412 1.272549019607843 2.331372549019608 1.603921568627451 4.639215686274509 1.4607843137254901 3.8647058823529408 1.2666666666666668 2.768627450980392]
ans          : [0.0 0.0 0.0 0.0 0.0 1.0 0.0 0.0 0.0 0.0]
result .- ans: [3.254901960784314 2.847058823529412 1.272549019607843 2.331372549019608 1.603921568627451 3.6392156862745093 1.4607843137254901 3.8647058823529408 1.2666666666666668 2.768627450980392]
square       : [10.594386774317574 8.105743944636679 1.6193810073048824 5.435297962322185 2.572564398308343 13.243890811226448 2.133890811226451 14.935951557093423 1.6044444444444448 7.6652979623221835]
sum          : 67.91084967320262
reward       : -67.91084967320262
result       : [6.509803921568628 5.694117647058824 2.545098039215686 4.662745098039216 3.207843137254902 9.278431372549019 2.9215686274509802 7.7294117647058815 2.5333333333333337 5.537254901960784]
ans          : [0.0 0.0 0.0 0.0 0.0 1.0 0.0 0.0 0.0 0.0]
result .- ans: [6.509803921568628 5.694117647058824 2.545098039215686 4.662745098039216 3.207843137254902 8.278431372549019 2.9215686274509802 7.7294117647058815 2.5333333333333337 5.537254901960784]
square       : [42.377547097270295 32.422975778546714 6.47752402921953 21.74119184928874 10.290257593233372 68.53242599000383 8.535563244905804 59.74380622837369 6.417777777777779 30.661191849288734]
sum          : 287.2002614379085
reward       : -287.2002614379085
result       : [13.019607843137257 11.388235294117647 5.090196078431372 9.325490196078432 6.415686274509804 18.556862745098037 5.8431372549019605 15.458823529411763 5.066666666666667 11.074509803921568]
ans          : [0.0 0.0 0.0 0.0 0.0 1.0 0.0 0.0 0.0 0.0]
result .- ans: [13.019607843137257 11.388235294117647 5.090196078431372 9.325490196078432 6.415686274509804 17.556862745098037 5.8431372549019605 15.458823529411763 5.066666666666667 11.074509803921568]
square       : [169.51018838908118 129.69190311418686 25.91009611687812 86.96476739715496 41.16103037293349 308.2434294502114 34.142252979623215 238.97522491349477 25.671111111111117 122.64476739715494]
sum          : 1182.9147712418298
reward       : -1182.9147712418298
result       : [-11.105882352941176 -14.60392156862745 -12.062745098039215 -8.650980392156862 -18.7921568627451 -9.36470588235294 -8.258823529411764 -12.721568627450981 -13.309803921568628 -11.113725490196078]
ans          : [0.0 0.0 0.0 0.0 0.0 1.0 0.0 0.0 0.0 0.0]
result .- ans: [-11.105882352941176 -14.60392156862745 -12.062745098039215 -8.650980392156862 -18.7921568627451 -10.36470588235294 -8.258823529411764 -12.721568627450981 -13.309803921568628 -11.113725490196078]
square       : [123.34062283737023 213.27452518262206 145.50981930026913 74.8394617454825 353.1451595540177 107.42712802768163 68.20816608996539 161.83830834294506 177.15088043060362 123.51489427143406]
sum          : 1548.2489657823912
reward       : -1548.2489657823912
result       : [-5.552941176470588 -7.301960784313725 -6.031372549019608 -4.325490196078431 -9.39607843137255 -4.68235294117647 -4.129411764705882 -6.360784313725491 -6.654901960784314 -5.556862745098039]
ans          : [0.0 0.0 0.0 0.0 0.0 1.0 0.0 0.0 0.0 0.0]
result .- ans: [-5.552941176470588 -7.301960784313725 -6.031372549019608 -4.325490196078431 -9.39607843137255 -5.68235294117647 -4.129411764705882 -6.360784313725491 -6.654901960784314 -5.556862745098039]
square       : [30.83515570934256 53.318631295655514 36.37745482506728 18.709865436370624 88.28628988850443 32.28913494809688 17.052041522491347 40.459577085736264 44.287720107650905 30.878723567858515]
sum          : 392.4945943867743
reward       : -392.4945943867743
result       : [-2.776470588235294 -3.6509803921568627 -3.015686274509804 -2.1627450980392156 -4.698039215686275 -2.341176470588235 -2.064705882352941 -3.1803921568627453 -3.327450980392157 -2.7784313725490195]
ans          : [0.0 0.0 0.0 0.0 0.0 1.0 0.0 0.0 0.0 0.0]
result .- ans: [-2.776470588235294 -3.6509803921568627 -3.015686274509804 -2.1627450980392156 -4.698039215686275 -3.341176470588235 -2.064705882352941 -3.1803921568627453 -3.327450980392157 -2.7784313725490195]
square       : [7.70878892733564 13.329657823913879 9.09436370626682 4.677466359092656 22.071572472126107 11.163460207612454 4.263010380622837 10.114894271434066 11.071930026912726 7.719680891964629]
sum          : 101.21482506728181
reward       : -101.21482506728181
result       : [2.776470588235294 3.6509803921568627 3.015686274509804 2.1627450980392156 4.698039215686275 2.341176470588235 2.064705882352941 3.1803921568627453 3.327450980392157 2.7784313725490195]
ans          : [0.0 0.0 0.0 0.0 0.0 1.0 0.0 0.0 0.0 0.0]
result .- ans: [2.776470588235294 3.6509803921568627 3.015686274509804 2.1627450980392156 4.698039215686275 1.341176470588235 2.064705882352941 3.1803921568627453 3.327450980392157 2.7784313725490195]
square       : [7.70878892733564 13.329657823913879 9.09436370626682 4.677466359092656 22.071572472126107 1.7987543252595146 4.263010380622837 10.114894271434066 11.071930026912726 7.719680891964629]
sum          : 91.85011918492887
reward       : -91.85011918492887
result       : [5.552941176470588 7.301960784313725 6.031372549019608 4.325490196078431 9.39607843137255 4.68235294117647 4.129411764705882 6.360784313725491 6.654901960784314 5.556862745098039]
ans          : [0.0 0.0 0.0 0.0 0.0 1.0 0.0 0.0 0.0 0.0]
result .- ans: [5.552941176470588 7.301960784313725 6.031372549019608 4.325490196078431 9.39607843137255 3.68235294117647 4.129411764705882 6.360784313725491 6.654901960784314 5.556862745098039]
square       : [30.83515570934256 53.318631295655514 36.37745482506728 18.709865436370624 88.28628988850443 13.559723183390998 17.052041522491347 40.459577085736264 44.287720107650905 30.878723567858515]
sum          : 373.7651826220684
reward       : -373.7651826220684
result       : [11.105882352941176 14.60392156862745 12.062745098039215 8.650980392156862 18.7921568627451 9.36470588235294 8.258823529411764 12.721568627450981 13.309803921568628 11.113725490196078]
ans          : [0.0 0.0 0.0 0.0 0.0 1.0 0.0 0.0 0.0 0.0]
result .- ans: [11.105882352941176 14.60392156862745 12.062745098039215 8.650980392156862 18.7921568627451 8.36470588235294 8.258823529411764 12.721568627450981 13.309803921568628 11.113725490196078]
square       : [123.34062283737023 213.27452518262206 145.50981930026913 74.8394617454825 353.1451595540177 69.96830449826987 68.20816608996539 161.83830834294506 177.15088043060362 123.51489427143406]
sum          : 1510.7901422529794
reward       : -1510.7901422529794
reward 1 -454.2738715878508
